asnc
1, 4, 7, 13, 14, 15, 16, 19, 20, 21, 23, 24, 27, 33, 34, 36, 37, 38, 39, 40, 41, 42, 44, 45, 49, 50, 52, 54, 56, 57, 60, 61, 63
aneo
67, 60, 59, 43, 42, 40, 37, 35, 34, 33, 32, 31, 30, 22, 18, 15, 11, 10, 9, 7, 5, 3
aznr
77, 76, 74, 73, 68, 67, 66, 64, 62, 57, 52, 49, 45, 44, 43, 40, 39, 38
amh1
3, 10, 15, 17, 21, 22, 23, 27, 28, 32, 35, 40, 46, 47
astx
62, 59, 58, 55, 54, 53, 52, 51, 46, 42, 37, 35, 34, 20, 25, 13, 8, 4, 2
aafr
67, 8
abro
1, 3, 12, 16, 20, 39, 40, 41, 44, 54, 59, 70, 71, 73, 75